Wavelength	T
600.00	99.7
599.00	99.8
598.00	99.8
597.00	99.8
596.00	99.8
595.00	99.8
594.00	99.8
593.00	99.8
592.00	99.8
591.00	99.7
590.00	99.7
589.00	99.7
588.00	99.7
587.00	99.7
586.00	99.8
585.00	99.8
584.00	99.8
583.00	99.8
582.00	99.8
581.00	99.8
580.00	99.8
579.00	99.8
578.00	99.8
577.00	99.8
576.00	99.8
575.00	99.8
574.00	99.8
573.00	99.8
572.00	99.8
571.00	99.8
570.00	99.8
569.00	99.8
568.00	99.8
567.00	99.8
566.00	99.8
565.00	99.8
564.00	99.8
563.00	99.8
562.00	99.8
561.00	99.8
560.00	99.8
559.00	99.8
558.00	99.8
557.00	99.8
556.00	99.8
555.00	99.8
554.00	99.8
553.00	99.8
552.00	99.8
551.00	99.8
550.00	99.8
549.00	99.8
548.00	99.8
547.00	99.8
546.00	99.8
545.00	99.8
544.00	99.8
543.00	99.8
542.00	99.8
541.00	99.8
540.00	99.8
539.00	99.8
538.00	99.8
537.00	99.8
536.00	99.8
535.00	99.8
534.00	99.8
533.00	99.8
532.00	99.8
531.00	99.8
530.00	99.8
529.00	99.8
528.00	99.7
527.00	99.7
526.00	99.7
525.00	99.7
524.00	99.7
523.00	99.7
522.00	99.7
521.00	99.7
520.00	99.7
519.00	99.7
518.00	99.7
517.00	99.7
516.00	99.7
515.00	99.7
514.00	99.7
513.00	99.7
512.00	99.7
511.00	99.7
510.00	99.7
509.00	99.7
508.00	99.7
507.00	99.7
506.00	99.7
505.00	99.7
504.00	99.7
503.00	99.7
502.00	99.7
501.00	99.7
500.00	99.7
499.00	99.7
498.00	99.7
497.00	99.7
496.00	99.6
495.00	99.6
494.00	99.6
493.00	99.6
492.00	99.6
491.00	99.6
490.00	99.6
489.00	99.7
488.00	99.7
487.00	99.7
486.00	99.7
485.00	99.7
484.00	99.7
483.00	99.7
482.00	99.7
481.00	99.7
480.00	99.7
479.00	99.7
478.00	99.7
477.00	99.7
476.00	99.7
475.00	99.7
474.00	99.7
473.00	99.7
472.00	99.7
471.00	99.7
470.00	99.7
469.00	99.7
468.00	99.7
467.00	99.7
466.00	99.7
465.00	99.7
464.00	99.7
463.00	99.7
462.00	99.7
461.00	99.7
460.00	99.7
459.00	99.7
458.00	99.7
457.00	99.7
456.00	99.7
455.00	99.7
454.00	99.7
453.00	99.7
452.00	99.7
451.00	99.7
450.00	99.7
449.00	99.7
448.00	99.7
447.00	99.7
446.00	99.7
445.00	99.7
444.00	99.7
443.00	99.7
442.00	99.7
441.00	99.6
440.00	99.6
439.00	99.6
438.00	99.6
437.00	99.6
436.00	99.6
435.00	99.7
434.00	99.7
433.00	99.7
432.00	99.7
431.00	99.7
430.00	99.7
429.00	99.7
428.00	99.7
427.00	99.7
426.00	99.7
425.00	99.7
424.00	99.7
423.00	99.7
422.00	99.7
421.00	99.7
420.00	99.7
419.00	99.7
418.00	99.7
417.00	99.7
416.00	99.7
415.00	99.7
414.00	99.7
413.00	99.7
412.00	99.7
411.00	99.6
410.00	99.7
409.00	99.7
408.00	99.7
407.00	99.7
406.00	99.7
405.00	99.7
404.00	99.7
403.00	99.7
402.00	99.7
401.00	99.7
400.00	99.7
399.00	99.7
398.00	99.7
397.00	99.7
396.00	99.7
395.00	99.7
394.00	99.7
393.00	99.7
392.00	99.7
391.00	99.6
390.00	99.6
389.00	99.6
388.00	99.6
387.00	99.6
386.00	99.6
385.00	99.6
384.00	99.6
383.00	99.6
382.00	99.6
381.00	99.6
380.00	99.6
379.00	99.6
378.00	99.6
377.00	99.6
376.00	99.6
375.00	99.6
374.00	99.6
373.00	99.6
372.00	99.6
371.00	99.6
370.00	99.6
369.00	99.6
368.00	99.6
367.00	99.6
366.00	99.6
365.00	99.6
364.00	99.6
363.00	99.6
362.00	99.6
361.00	99.6
360.00	99.6
359.00	99.6
358.00	99.6
357.00	99.6
356.00	99.6
355.00	99.6
354.00	99.6
353.00	99.6
352.00	99.6
351.00	99.6
350.00	99.6
349.00	99.6
348.00	99.6
347.00	99.6
346.00	99.6
345.00	99.5
344.00	99.5
343.00	99.5
342.00	99.5
341.00	99.5
340.00	99.6
339.00	99.6
338.00	99.6
337.00	99.6
336.00	99.6
335.00	99.6
334.00	99.6
333.00	99.6
332.00	99.6
331.00	99.6
330.00	99.6
329.00	99.6
328.00	99.6
327.00	99.6
326.00	99.6
325.00	99.6
324.00	99.5
323.00	99.5
322.00	99.5
321.00	99.5
320.00	99.5
319.00	99.5
318.00	99.5
317.00	99.5
316.00	99.5
315.00	99.5
314.00	99.5
313.00	99.5
312.00	99.4
311.00	99.4
310.00	99.4
309.00	99.4
308.00	99.4
307.00	99.4
306.00	99.4
305.00	99.4
304.00	99.4
303.00	99.4
302.00	99.4
301.00	99.4
300.00	99.4
299.00	99.4
298.00	99.4
297.00	99.4
296.00	99.4
295.00	99.4
294.00	99.4
293.00	99.4
292.00	99.4
291.00	99.4
290.00	99.4
289.00	99.4
288.00	99.4
287.00	99.4
286.00	99.4
285.00	99.4
284.00	99.4
283.00	99.4
282.00	99.4
281.00	99.4
280.00	99.4
279.00	99.3
278.00	99.3
277.00	99.2
276.00	99.2
275.00	99.1
274.00	99.1
273.00	99.1
272.00	99.1
271.00	99.2
270.00	99.3
269.00	99.3
268.00	99.3
267.00	99.3
266.00	99.3
265.00	99.3
264.00	99.3
263.00	99.3
262.00	99.3
261.00	99.3
260.00	99.3
259.00	99.3
258.00	99.3
257.00	99.3
256.00	99.3
255.00	99.3
254.00	99.3
253.00	99.3
252.00	99.3
251.00	99.3
250.00	99.3
249.00	99.3
248.00	99.3
247.00	99.3
246.00	99.3
245.00	99.3
244.00	99.3
243.00	99.3
242.00	99.3
241.00	99.2
240.00	99.2
239.00	99.2
238.00	99.2
237.00	99.2
236.00	99.2
235.00	99.2
234.00	99.1
233.00	99.1
232.00	99.1
231.00	99.1
230.00	99.1
229.00	99.1
228.00	99.1
227.00	99.1
226.00	99.1
225.00	99.0
224.00	99.0
223.00	99.0
222.00	99.0
221.00	99.0
220.00	99.0
219.00	99.0
218.00	99.0
217.00	98.9
216.00	98.9
215.00	98.9
214.00	98.8
213.00	98.8
212.00	98.8
211.00	98.7
210.00	98.6
209.00	98.6
208.00	98.5
207.00	98.4
206.00	98.3
205.00	98.1
204.00	97.8
203.00	97.6
202.00	97.2
201.00	97.0
200.00	96.7

